                          Arithmancy         Astronomy         Herbology   Defense Agains…        Divination    Muggle Studies     Ancient Runes  History of Magic   Transfiguration           Potions   Care of Magica…            Charms            Flying
Count                    1600.000000       1600.000000       1600.000000       1600.000000       1600.000000       1600.000000       1600.000000       1600.000000       1600.000000       1600.000000       1600.000000       1600.000000       1600.000000
Mean                    48579.835625         39.001188          1.117486         -0.380349          3.077033       -219.677010        484.903483          2.883461       1008.207386          5.838803         -0.052091       -243.374409         21.958012
Std                     17988.080002        515.095872          5.168086          5.162293          4.133049        482.113962        127.714870          4.392095        154.882677          3.221012          0.959265          8.783640         97.631602
Min                    -24370.000000       -966.740546        -10.295663        -10.162119         -8.727000      -1086.496835          0.000000         -8.858993          0.000000         -4.697484         -3.313676       -261.048920       -181.470000
25%                     37481.000000       -487.186182         -4.240468         -5.200547          2.925750       -574.340230        394.702870          1.765256       1023.082662          3.476201         -0.650862       -250.652600        -41.870000
50%                     48721.000000        238.349190          3.337034         -2.383492          4.571000       -411.986983        456.494994          4.293588       1045.098746          5.829011         -0.004099       -244.867765         -2.515000
75%                     60543.000000        519.468857          5.387506          4.875269          5.635250        238.853148        596.934093          5.757083       1058.153274          8.221059          0.575584       -232.552305         50.560000
Max                    104956.000000       1016.211940         11.612895          9.667405         10.032000       1092.388611        745.396220         11.889713       1098.958201         13.536762          3.056546       -225.428140        279.070000
Range                  129326.000000       1982.952486         21.908558         19.829525         18.759000       2178.885445        745.396220         20.748706       1098.958201         18.234246          6.370222         35.620780        460.540000
Variance            323368790.282355     265157.930306         26.692421         26.632612         17.071414     232288.600886      16300.893590         19.278445      23973.650846         10.368432          0.919615         77.104109       9525.972266
IQR                     23062.000000       1006.655039          9.627975         10.075816          2.709500        813.193378        202.231223          3.991828         35.070612          4.744859          1.226446         18.100295         92.430000
Skewness                   -0.303117         -0.090866         -0.388150          0.089715         -1.321175          0.799072         -1.005335         -0.995214         -5.852750         -0.036679         -0.066499          0.390012          0.882497
Kurtosis                    0.497332         -1.684926         -1.368444         -1.685926          0.466742         -0.726338          2.242209         -0.129931         35.169602         -0.575971          0.080035         -1.088631         -0.151327
